1,2309.99389352763,40293.29438613672,66,6
2,3979.186539691902,40293.29438613672,66,67
3,3468.655992789156,39872.46925619901,6,67
4,2672.175217787677,39514.34651232737,6,5
5,7808.90304317727,40293.29438613672,73,72
6,5184.870297226336,39564.30834439009,67,72
7,2711.716092153685,36516.0533724071,69,71
8,6683.403941290889,37342.43637940173,68,55
9,7705.729300466628,38031.89024576353,72,55
10,5019.641915792308,36516.0533724071,68,71
11,12238.60450435479,40487.82163744548,76,74
12,9793.254851529491,40487.82163744548,65,74
13,11615.55422433,38031.89024576353,74,55
14,12688.35033406798,36098.82734925724,55,54
15,9493.008457913791,34028.11331924217,55,20
16,6683.403941290889,31885.26322055488,70,20
17,14027.94526451969,40501.03773402838,75,77
18,16194.28150497947,40501.03773402838,80,77
19,17105.60376332022,40501.03773402838,79,81
20,15659.18860262632,38031.89024576353,77,54
21,19510.05273996267,40501.03773402838,78,81
22,21681.89974790688,42045.29446048518,64,86
23,22693.09325156958,38031.89024576353,82,162
24,21160.78456849241,41026.83126796011,64,82
25,25686.05091833133,42070.7072509938,85,84
26,26185.4162188193,41026.83126796011,84,87
27,25727.39652303359,38031.89024576353,87,161
28,28943.94827794272,40503.14884511474,90,91
29,32199.91276097633,40503.14884511474,112,91
30,31603.56019860308,38031.89024576353,91,161
31,35288.25094752299,40501.03929898082,108,113
32,39231.22319938548,40501.03929898082,111,113
33,38645.32106312318,38031.89024576353,113,160
34,40111.12785370214,40501.03929898082,126,135
35,43642.3497126821,40501.03929898082,125,135
36,44776.46847820098,38031.89024576353,135,159
37,47885.26125769471,40501.03773402843,124,134
38,51191.79770386216,40501.03773402843,150,134
39,50646.07667260224,38031.89024576353,134,159
40,52100.07048211156,40501.03773402843,149,151
41,55420.4317052264,40501.03773402843,148,151
42,56506.24709654346,38031.89024576353,151,158
43,59887.52959350936,38031.89024576353,166,158
44,54185.7256798062,35975.73519834674,159,158
45,55400.90492110225,34021.22668089112,158,147
46,59456.94473092218,32103.409608434,152,157
47,56684.12674821684,31903.88736684462,147,152
48,59456.94473092218,33338.58466297032,152,155
49,54185.7256798062,33272.56123081163,153,147
50,51683.62794693793,30063.93519686598,133,145
51,49133.00533842496,33664.53532597276,123,137
52,47213.94789945424,34023.82106523471,159,123
53,46966.66519843347,32662.11783609889,123,121
54,48880.86845268771,32662.11783609889,123,122
55,49133.00533842496,31833.59228906121,122,136
56,48677.32323605094,31822.35445061071,121,122
57,47570.27003716319,31024.30797827416,121,146
58,46110.72739528146,31024.30797827416,121,118
59,48677.32323605094,28683.7327005531,146,133
60,50829.36409168908,27962.8176151521,133,128
61,47511.47819343503,27962.8176151521,146,128
62,46683.97533311956,29702.1207869932,118,146
63,45586.85404677401,27962.8176151521,118,129
64,44683.97533311955,29676.88876025738,119,118
65,42687.30913399354,28725.48579782659,165,119
66,43778.90655245341,27963.71572888039,119,130
67,40507.62483927275,27963.71572888039,165,130
68,42108.39114674524,24526.8312679602,130,131
69,49124.12530938236,24526.8312679602,128,132
70,45683.22342216129,33257.56510156156,164,123
71,52928.7264009563,25169.59909118333,144,143
72,54178.61333375908,23543.66480694301,143,147
73,53003.32152952105,21463.11331924216,143,141
74,51683.62794693793,21679.39145482553,127,143
75,51683.62794693793,19804.98985374046,127,141
76,53153.06842188721,18023.19650028564,141,142
77,39683.97533337841,20008.58118550162,115,127
78,40679.40437547044,18023.19650028564,127,120
79,38676.74292200297,18023.19650028564,115,114
80,37237.43111771692,22020.98928257713,109,115
81,37815.74409316748,25474.14877939951,110,109
82,39683.97533311947,36269.84940749365,160,159
83,37560.86547362292,34024.58550070023,160,110
84,35689.39051952302,36925.77921731551,161,160
85,23683.44923884294,36900.99231243921,162,161
86,20685.22533311957,36176.36524321574,54,162
87,22177.19375288411,34028.11331924217,162,156
88,12688.35033406798,33048.17265783974,20,22
89,12688.35033406798,29908.6751918498,20,21
90,9467.30412391972,28027.6877873273,20,30
91,15482.25119518853,33376.6700894911,22,32
92,16194.71800311468,32525.48771281232,32,31
93,17428.71775362242,32525.48771281232,56,42
94,18599.31740141954,32525.48771281232,56,41
95,20166.34845995277,32224.04581782699,57,58
96,20687.61921710294,31709.31552812968,58,156
97,20110.87390193794,30349.29349416972,58,63
98,16247.28173927602,29501.18211147048,40,37
99,15482.25119518853,28831.23701088991,21,37
100,17434.83072980033,29501.18211147048,39,36
101,18623.03496809871,29501.18211147048,38,36
102,19139.28190246266,28769.66848881335,36,63
103,12683.97533311906,27058.99480621512,30,29
104,11696.46055529004,26026.44076728516,30,19
105,15600.06663215486,26026.44076728516,29,48
106,20687.61921710294,26827.45034562821,62,156
107,20687.61921710294,25086.34321231757,61,156
108,17121.84104343579,23586.93652780724,61,60
109,18957.41481508777,23586.93652780724,61,59
110,13083.3467810814,23572.31966913297,48,47
111,12221.73249988668,23572.31966913297,19,18
112,9922.047330549452,23572.31966913297,19,13
113,15323.12683621721,23572.31966913297,48,49
114,12235.32676377069,20500.40988576666,46,35
115,13134.78373134555,20500.40988576666,45,34
116,15472.11711512995,20500.40988576685,27,34
117,17156.15219960504,20500.40988576685,44,33
118,15719.2936950445,18030.46838932474,34,53
119,20684.83003397334,21106.7259876254,43,103
120,17885.69947105061,19391.86830244381,33,43
121,11755.06068022715,18030.46838932474,35,53
122,10139.29875963955,20500.40988576666,28,35
123,7834.81486395697,20035.87910201676,10,9
124,5922.836148364265,21031.21019984555,8,7
125,3183.975333118711,19880.77953100025,4,7
126,2191.042395114404,18551.08715532671,4,3
127,6683.403941290889,19060.11319323456,7,9
128,7795.703229442937,18030.46838932474,9,53
129,1849.302648948796,15011.72444529189,2,1
130,3921.262936807238,15524.72101971986,53,12
131,7755.311634227401,15524.72101971986,53,11
132,11765.9523599002,15524.72101971986,53,24
133,15684.91921661136,15524.72101971986,53,23
134,19851.02035496596,15524.72101971986,53,52
135,20684.83003397334,16822.67268038224,53,83
136,22155.88293280368,22028.11331924219,156,103
137,23478.66024698597,18023.19650028564,103,83
138,26683.9753331195,20187.80144051209,103,102
139,6063.391801613907,14081.05713105399,11,16
140,8223.925420074464,14081.05713105399,11,17
141,9158.223148207413,14081.05713105399,24,15
142,11399.20557550006,14081.05713105399,24,14
143,3183.975333118711,13806.76512061924,1,12
144,13976.01024585584,14081.0734155803,23,25
145,16214.35841691395,14081.0734155803,23,26
146,17105.74667641381,14081.0734155803,52,51
147,19237.84584525021,14081.0734155803,52,50
148,23673.18054395748,30723.54946775145,156,99
149,23673.18054395748,27149.79061546336,156,88
150,23673.18054395748,23865.55804963513,156,96
151,29518.97975852475,32527.79987131899,163,98
152,28732.60459081558,22020.98928257713,95,102
153,29606.21627884533,22740.53076893682,95,89
154,29606.21627884533,23942.18617071862,95,97
155,29606.21627884533,25049.19042207391,95,94
156,35689.07403804154,30799.15981020105,106,110
157,35689.07403804154,27266.77133136183,105,110
158,31478.79181190988,22020.98928257713,93,102
159,33261.73438739381,25024.53295739595,92,104
160,33261.73438739381,23943.36518396935,101,104
161,33261.73438739381,22732.56465951007,100,104
162,34135.42783645351,22020.98928257713,104,102
163,34937.37167431322,20224.38050225945,102,115
164,39087.88987623647,14600.84282969617,114,117
165,35084.04415507786,14600.84282969617,114,107
166,40245.9992700546,14600.84282969617,120,116
167,45248.87759531076,14600.84282969617,120,140
168,50030.88561158182,14597.58719834407,142,138
169,53606.30415817958,14597.58719834407,142,139
170,58689.31393009159,21463.11331924216,167,154
